[gd_scene load_steps=6 format=3 uid="uid://uxe3yg0f81ad"]

[ext_resource type="PackedScene" uid="uid://cms30eei4x80t" path="res://deco/nature/DeadTree_4.gltf" id="1_dssyy"]
[ext_resource type="Script" path="res://scripts/arbol_muerto.gd" id="2_o4hsd"]
[ext_resource type="Texture2D" uid="uid://c1ots7w6i0i1q" path="res://demo/assets/textures/ground037_nrm_rgh.png" id="2_ppdd3"]
[ext_resource type="Texture2D" uid="uid://c307hdmos4gtm" path="res://demo/assets/textures/rock023_nrm_rgh.png" id="3_mc2ud"]

[sub_resource type="CylinderShape3D" id="CylinderShape3D_ppdd3"]
height = 2.9082031
radius = 0.6123047

[node name="arbol_muerto1" instance=ExtResource("1_dssyy")]
script = ExtResource("2_o4hsd")

[node name="DeadTree_4" parent="." index="0"]
layers = 3

[node name="Decal" type="Decal" parent="DeadTree_4" index="0"]
transform = Transform3D(1, 0, 0, 0, 1, 0, 0, 0, 1, 0, -0.2416352, 0)
size = Vector3(2, 0.34269142, 2)
texture_albedo = ExtResource("3_mc2ud")
upper_fade = 1.8830001
cull_mask = 2

[node name="Decal2" type="Decal" parent="DeadTree_4" index="1"]
transform = Transform3D(1, 0, 0, 0, 0.90464854, -0.4261583, 0, 0.4261583, 0.90464854, 0.6655203, 4.7085614, 0.14526367)
size = Vector3(0.32763672, 1.1899414, 1.7094727)
texture_albedo = ExtResource("2_ppdd3")
upper_fade = 4.4785657
lower_fade = 5.1445045

[node name="Decal4" type="Decal" parent="DeadTree_4" index="2"]
transform = Transform3D(1, 0, 0, 0, 0.90464854, -0.4261583, 0, 0.4261583, 0.90464854, 0.6655203, 10.131293, 0.16550201)
size = Vector3(0.32763672, 1.1899414, 1.7094727)
texture_albedo = ExtResource("2_ppdd3")
upper_fade = 4.4785657
lower_fade = 5.1445045

[node name="Decal3" type="Decal" parent="DeadTree_4" index="3"]
transform = Transform3D(1, 0, 0, 0, 0.90464854, -0.4261583, 0, 0.4261583, 0.90464854, 0.12827408, 7.6540265, 0.8113017)
size = Vector3(0.32763672, 1.1899414, 1.7094727)
texture_albedo = ExtResource("2_ppdd3")
upper_fade = 4.4785657
lower_fade = 5.1445045

[node name="StaticBody3D" type="StaticBody3D" parent="DeadTree_4" index="4"]

[node name="CollisionShape3D" type="CollisionShape3D" parent="DeadTree_4/StaticBody3D" index="0"]
transform = Transform3D(1, 0, 0, 0, 1, 0, 0, 0, 1, 0, 1.1133764, 0)
shape = SubResource("CylinderShape3D_ppdd3")

[node name="CollisionShape3D2" type="CollisionShape3D" parent="DeadTree_4/StaticBody3D" index="1"]
transform = Transform3D(1, 0, 0, 0, 1, 0, 0, 0, 1, 0.28995538, 4.640915, 0)
shape = SubResource("CylinderShape3D_ppdd3")

[node name="OmniLight3D" type="OmniLight3D" parent="." index="1"]
transform = Transform3D(1, 0, 0, 0, 1, 0, 0, 0, 1, 0, 1.1762707, 0.2008512)
visible = false
light_color = Color(0.44776732, 0.002284863, 0.7523736, 1)
light_energy = 2.633
omni_range = 6.648
omni_attenuation = -0.974

[node name="OmniLight3D2" type="OmniLight3D" parent="." index="2"]
transform = Transform3D(1, 0, 0, 0, 1, 0, 0, 0, 1, 0, 9.672437, 0.2008512)
light_color = Color(0.44776732, 0.002284863, 0.7523736, 1)
light_energy = 2.633
omni_range = 6.648
omni_attenuation = -0.974
